>> fsolve(@F1, [10,10]')
ans =

  -2.7720
   2.0391


>> fsolve(@F2, [10, 10, 10, 10]')
ans =

    4.8482
    5.2704
   23.5149
    3.4195


>> fsolve(@noRoot, 10)
ans = -2.0678e-05

>> fsolve(@zero, 10)
ans = 10

>> fsolve(@testFun, [10, 10])
ans =

    9.4248   10.9956

>> fsolve(@slowFun, 10)
ans = 12.000
