>> fsolve(@F1, [10,10]')
ans =

  -2.772012304541454
   2.039147040681558


>> fsolve(@F2, [10, 10, 10, 10]')
ans =

   4.848236170601711e+00
   5.270367336154218e+00
   2.351493533714051e+01
   3.419479931504654e+00


>> fsolve(@noRoot, 10)
ans = -2.067788544313703e-05

>> fsolve(@zero, 10)
ans = 10

>> fsolve(@testFun, [10, 10])
ans =

   9.424777960769379e+00   1.099557428756411e+01

>> fsolve(@slowFun, 10)
ans = 12.00000015661689
